6248.000000 214.000000 2437.100000 156.400000 305.500000 1168.600000
3780.000000 248.000000 2120.500000 147.400000 271.200000 557.300000
3780.000000 327.800000 2052.900000 172.000000 340.800000 379.100000
3794.000000 292.800000 2283.300000 183.500000 261.900000 605.800000
3220.000000 202.800000 1938.300000 170.300000 270.600000 407.800000
3650.000000 363.600000 2149.200000 174.500000 317.600000 500.000000
3810.000000 303.100000 2254.500000 191.300000 218.000000 680.000000
3347.000000 146.500000 1964.000000 188.500000 300.900000 279.100000
3420.000000 351.800000 1911.400000 167.000000 295.000000 440.000000
4248.000000 877.800000 1888.300000 191.600000 250.300000 841.200000
3624.000000 424.800000 1637.400000 145.300000 255.400000 446.500000
2958.000000 345.500000 1666.200000 133.900000 273.900000 384.200000
3204.000000 515.800000 1618.400000 151.800000 307.100000 272.700000
5356.000000 797.000000 2361.400000 222.600000 328.400000 865.300000
4270.000000 757.400000 1983.800000 172.000000 328.500000 684.200000
4215.000000 849.400000 1917.100000 138.200000 335.400000 720.500000
4472.000000 980.800000 1758.300000 173.600000 337.000000 685.400000
4022.000000 893.800000 1695.000000 178.600000 334.100000 619.200000
2100.000000 840.000000 411.500000 174.900000 281.700000 41.200000
5677.000000 910.000000 3069.800000 180.400000 656.600000 1247.900000
2035.000000 840.000000 374.400000 380.700000 85.100000 165.500000
2673.000000 813.100000 934.100000 190.400000 273.600000 280.500000
3748.000000 1047.400000 1370.800000 143.100000 294.000000 661.000000
3512.000000 955.100000 1361.700000 167.000000 304.000000 332.200000
3308.000000 985.600000 1240.000000 151.700000 404.400000 328.700000
3193.000000 974.500000 1181.800000 150.300000 237.100000 601.600000
3192.000000 974.500000 1109.000000 120.200000 291.800000 495.400000
3180.000000 974.500000 1088.000000 110.200000 237.100000 598.200000
3098.000000 904.900000 1063.900000 110.200000 225.000000 573.800000
2800.000000 869.700000 957.400000 103.200000 202.600000 555.400000
2800.000000 971.500000 855.100000 110.200000 200.600000 563.200000
2998.000000 954.200000 970.900000 120.200000 243.200000 507.200000
2410.000000 893.900000 907.400000 130.300000 188.500000 500.000000
2890.000000 994.000000 861.900000 110.200000 212.800000 553.100000
2575.000000 823.600000 633.700000 140.200000 231.000000 397.700000
2688.000000 745.500000 1006.700000 121.000000 247.200000 401.600000
2520.000000 603.500000 1044.600000 90.200000 188.500000 468.100000
3525.000000 674.500000 1462.800000 150.300000 310.100000 528.100000
