6.756900 4.443800
6.610000 7.156500
4.686400 4.439100
6.597500 6.274800
3.480000 2.320500
2.558600 4.891600
6.114300 10.324700
4.606700 1.925600
4.758200 5.125800
3.512000 4.953400
6.287100 5.448700
6.063600 6.684100
4.747600 3.915200
7.230600 9.658400
2.007500 1.628200
7.404600 8.019600
3.918700 5.979300
4.665600 8.107400
6.818700 7.191600
4.505800 4.779900
2.650600 2.917000
4.480800 6.071300
4.586700 3.521700
6.564900 9.186700
2.625400 0.862300
3.645900 3.272400
4.330000 7.351400
2.813200 3.512500
5.471600 5.242800
0.342100 0.089800
2.355000 1.307200
3.304400 1.553900
2.359700 4.176500
4.005400 7.398800
6.972900 6.637000
7.986700 13.093200
5.446800 4.614500
1.022800 3.567800
5.725100 3.778900
6.088900 10.140500
6.179700 5.237400
4.879500 7.685600
4.296600 7.305200
1.068600 -0.867400
2.674000 7.286600
3.333500 2.478900
6.480900 6.633600
6.804200 6.916200
6.490900 8.401400
3.808400 5.092500
6.067000 9.214200
3.955800 4.570200
4.735100 5.774100
3.280800 2.136200
3.840000 -0.060600
4.503100 4.666500
3.412700 2.705800
4.161900 3.261500
3.215000 3.429900
6.245800 2.747600
9.508700 12.498700
8.791300 12.638400
-0.019700 -1.349800
2.870000 -0.357200
3.012600 4.834800
6.915500 7.209200
5.698500 4.007100
6.836000 6.921100
3.834400 2.760900
3.705900 3.793200
6.344300 9.881000
8.640100 9.759600
6.710300 5.961700
7.596200 9.669100
4.065400 6.605500
0.973400 4.077400
7.638800 7.636900
9.232000 10.741100
3.464300 5.081300
4.863800 5.634700
4.247800 2.255200
2.599600 5.328000
7.315300 5.837200
3.291600 -1.984300
4.679100 7.239400
6.058100 7.993500
8.985000 8.575000
4.430600 3.136100
8.804000 9.128700
7.370100 9.424900
3.715400 3.775600
1.493900 1.076500
4.286000 6.745600
1.615000 0.392700
4.249100 4.157800
9.582600 10.836500
6.121100 7.327700
7.658400 9.714400
5.914200 3.008800
5.112400 7.512200
1.266900 3.622700
2.944100 1.366600
4.537500 3.519400
5.241000 6.520700
4.801500 4.548400
5.638100 8.630700
5.091800 6.305300
4.102500 7.585800
5.493600 5.184600
2.510100 2.238200
7.123900 7.373500
6.458700 6.911400
7.205600 5.448300
5.666800 10.766500
3.985000 1.497800
3.858800 8.389600
8.201900 8.966500
4.378300 4.880600
-0.159600 -0.104100
3.434500 4.209700
3.837800 8.132600
2.688900 7.060300
5.618300 9.299700
6.778500 5.559500
5.672100 8.399300
3.685600 3.402000
6.030400 6.793600
6.497200 9.502600
6.064100 3.601300
4.200500 7.113700
1.704600 2.385200
4.267400 7.042900
6.871100 10.745200
3.883600 0.668000
3.606400 2.016700
1.804200 -0.097100
6.087800 7.179600
0.314700 -2.165900
2.575400 7.073900
6.832900 8.190100
3.600100 1.545400
6.171800 5.069300
4.289200 8.650900
7.186400 11.667500
4.412100 2.354700
6.356900 8.241600
3.380100 5.525600
0.148400 1.101200
2.229300 0.017700
7.997600 4.201900
2.591300 1.650200
5.580900 2.733100
3.838100 5.528200
5.273700 5.768800
5.252200 5.557900
1.891500 3.096000
8.850600 11.306900
7.289100 8.983500
7.054700 8.860500
6.568300 6.728000
4.137400 3.074800
3.273400 1.049400
2.432500 1.580700
7.489100 7.666000
7.519500 9.842400
5.011900 4.159800
2.716300 0.376700
4.160600 4.221400
6.740200 6.112100
5.889000 6.662800
5.041800 10.481200
5.688600 7.070100
2.794800 1.733100
3.482500 1.815200
5.896200 3.518000
3.114000 1.614300
3.577100 5.401800
5.799800 8.785000
1.780500 2.507200
1.917900 1.502500
3.371900 3.918000
4.106400 2.919500
3.973600 5.808900
5.282100 6.890100
4.290500 4.977100
7.744800 10.983100
5.386000 6.320900
1.442400 5.066800
6.716500 8.811100
4.611500 7.052900
7.232500 6.282900
5.295000 8.052000
1.807500 0.912400
6.412600 10.737900
4.591000 3.519500
8.311700 9.169800
6.206000 8.092000
7.344500 5.874100
3.200900 4.676700
4.975100 8.021300
3.824200 8.676200
4.891300 5.156200
4.286800 8.040700
2.945500 5.881900
6.855100 6.965900
3.728600 4.049400
9.059500 10.891300
4.285100 4.142000
-0.249100 2.082600
6.490800 7.893100
5.291200 9.893400
4.444800 7.880700
7.921300 9.629300
6.482500 2.078100
6.849700 4.475600
3.761400 4.191100
3.029100 4.231600
3.291900 1.935400
4.904800 3.528800
3.668100 5.198500
6.668800 4.006400
5.907000 7.269900
2.022900 3.373100
7.418000 5.906600
5.361100 7.230000
5.488500 4.472600
7.073600 8.454600
5.503300 6.449000
1.728600 1.869900
6.375600 6.944900
6.605600 8.558900
7.341600 7.213600
7.373200 8.647100
5.226200 5.522200
5.375100 5.010800
-0.302600 0.224600
2.459800 3.284200
6.249100 7.323800
6.132400 9.610400
4.165600 1.763200
5.047100 6.058400
6.541300 6.556000
5.987800 9.868500
3.232500 2.786100
2.457500 5.825900
6.184800 8.748900
3.087800 5.823100
3.487000 6.131400
5.367800 5.867700
5.717400 6.938900
3.914300 4.441000
4.808800 5.948400
7.289600 7.453600
5.785400 4.810500
0.412600 2.622100
6.721300 7.554800
6.945900 6.801300
5.036700 8.054800
4.930900 8.309800
2.994200 0.790800
7.088900 10.062700
6.117500 3.965200
5.328600 5.352200
2.319800 4.460800
5.688800 3.694700
3.579000 3.340700
3.984300 7.212800
2.081200 6.257000
0.785600 4.874900
6.586000 5.806600
5.335800 4.461400
3.772600 2.467200
6.914100 6.696600
5.541500 7.638200
5.856300 6.619700
7.560100 9.834400
6.972400 9.524100
7.506300 5.306200
2.363800 4.366500
2.947500 3.044800
6.246600 8.410000
6.270700 7.288800
3.920100 6.746600
5.890600 7.935700
3.338600 4.109000
5.656500 10.056100
5.035400 6.957700
5.520800 5.489100
1.633900 -0.226700
5.229900 4.066700
5.878300 8.529100
3.286400 -0.301000
4.299300 2.595600
5.440900 4.572700
4.428100 -1.653900
9.052400 9.685100
6.687500 10.068200
3.130400 2.364400
8.481500 10.598400
4.943800 8.104000
7.212100 5.359100
6.803500 7.422700
4.860900 4.591200
5.340600 7.285900
3.925700 5.935200
4.661200 6.158100
8.393100 14.484800
3.447800 5.217600
4.973700 2.809300
3.622800 5.253200
5.476500 7.910000
1.135100 -1.907400
1.329800 1.422600
3.519100 5.653900
0.617400 4.393200
2.841900 2.837400
3.362800 4.594000
2.701800 3.217000
5.601500 7.559600
6.810800 7.052700
5.815300 5.982300
0.708800 2.416900
10.022900 9.926500
5.161100 5.554000
2.009200 3.784800
4.827500 4.330000
4.383500 3.691900
5.743400 8.764700
7.498800 8.386200
3.457900 4.161600
3.246000 0.375000
5.691100 4.333700
3.260400 5.139600
4.860900 5.480100
5.595700 3.759700
7.514800 12.768300
4.903300 6.743500
5.965300 5.078300
3.803800 0.498000
2.317500 5.430100
5.937200 8.988200
9.338000 10.942500
7.813500 6.910900
2.092700 5.583200
2.566200 4.151200
2.517300 1.192800
3.542500 5.116300
4.354100 2.091000
5.276300 10.178300
7.741500 9.275200
5.803800 5.756600
3.568400 4.513500
4.355300 5.588300
4.856400 3.714200
3.959000 5.172200
3.566400 5.041300
6.042000 5.292800
5.942300 9.963700
7.729900 12.585600
4.700000 6.939800
5.935700 8.306400
4.954400 6.625500
7.612400 8.191400
2.873300 7.712600
6.633700 8.984800
5.775000 8.131000
4.690800 7.190300
3.063300 4.130100
3.412100 3.202800
1.592300 4.457700
5.468500 5.957200
6.091800 5.592800
3.674200 3.677800
5.369100 4.447800
5.354300 6.125400
6.458200 6.541600
7.151300 11.782900
5.569300 2.248900
9.154200 7.950800
2.725300 4.039300
3.089500 2.318900
0.877700 1.411800
3.187500 3.477400
7.559900 3.731900
2.870300 3.629000
6.139100 7.799700
5.959200 4.441800
5.654800 5.104900
3.593100 4.989700
6.829500 5.107200
5.591700 5.153800
8.615200 7.383200
3.117900 5.316900
4.246200 5.346800
3.691800 5.204900
7.519100 9.791300
6.130600 6.815700
5.000900 2.575600
5.622200 8.160000
5.216000 4.804800
5.358500 2.477000
4.686400 3.686700
2.716700 2.312800
5.079700 2.880900
4.079600 2.873100
6.168600 2.253400
3.917500 4.168900
6.943600 3.393700
4.567300 10.050700
3.558600 5.760800
5.194000 8.005800
4.548900 0.779700
3.464900 2.878200
6.120700 6.803000
0.194300 -4.443800
2.362100 1.516500
3.096900 1.718300
6.702000 6.809500
4.931400 6.586900
3.817200 2.225500
7.899600 5.371500
6.140900 11.978100
4.288100 5.319300
2.030000 1.539200
5.706200 8.365900
4.610800 4.211900
5.781000 7.715100
1.039900 -1.133900
3.661000 3.449800
4.583100 4.659500
2.496600 4.869200
4.692700 3.623300
7.359700 8.028400
1.591300 0.044700
4.201600 9.024800
3.383500 5.872300
3.624100 1.359100
4.425200 7.172900
2.318400 6.347600
3.655500 5.997500
3.070400 4.856600
6.154600 3.771100
4.679600 4.505000
4.894000 6.051400
2.754400 1.229700
5.078700 3.738500
3.281900 3.470600
4.267200 7.912300
7.646900 10.432000
1.402800 4.127800
3.950000 2.107100
-0.915100 -1.121800
3.582400 7.552600
4.772300 10.684300
3.779400 4.001600
7.102100 9.083400
5.451200 6.122800
5.333400 4.135100
6.326300 9.622200
7.671000 12.624100
8.306900 6.073000
1.705100 5.259200
2.108300 3.994600
5.083100 6.489400
6.163400 6.763700
3.910400 6.899000
8.605100 5.335600
6.239200 4.693700
5.670000 3.890500
6.555100 8.463800
3.369600 3.181200
3.595800 5.759500
6.398300 6.019000
1.743900 5.319300
4.768600 5.873100
6.981100 9.689900
5.346900 4.662500
3.330200 3.635100
1.800000 0.360800
4.887500 9.596000
1.803600 5.891200
8.750400 11.974100
8.685000 10.923100
7.266600 7.063200
7.711900 11.911900
4.341100 6.843100
6.167000 8.220700
5.873000 3.851600
6.624200 7.978100
7.564300 10.232400
4.723500 6.611500
3.196700 3.963800
5.548100 7.270300
3.923500 2.707600
8.629300 11.149300
5.988600 4.115000
7.742500 6.662100
7.180200 9.143000
8.353000 8.211400
3.829400 1.185400
