2.073800
0.340400
0.602000
0.756700
1.106200
0.670400
0.119500
0.045700
0.319200
5.024400
0.759400
1.687600
0.555300
1.230200
0.321600
1.372700
2.936000
2.186300
0.011500
1.270700
1.890500
2.596700
1.032700
1.399400
3.092600
0.624500
1.010100
1.425400
0.706200
1.240900
0.350500
2.049500
0.093400
0.117700
2.220900
0.150800
0.397600
0.449300
0.739500
0.878400
0.769500
1.744100
0.053100
0.077100
0.739100
0.444300
1.246400
0.313200
0.038600
1.162700
1.301200
0.840800
0.214000
0.615300
0.590200
0.997500
0.369000
0.958300
1.598400
0.013100
1.159200
0.591000
1.811600
0.228200
2.313000
1.393900
2.604700
0.783700
4.885200
0.128600
