-2.4954
1.8696
6.3805
6.6847
8.261
8.5553
9.0316
9.4256
11.6066
11.6259
12.3042
12.36
12.7123
12.8091
12.8887
13.306
14.2923
14.3431
16.4927
16.7285
16.8854
17.0523
17.1621
17.1675
17.4616
18.1367
18.7145
19.2448
19.5788
19.6151
20.0067
20.1889
20.2115
20.2879
20.4021
20.5736
20.9216
21.0206
21.0446
21.1359
21.2001
21.5447
21.8725
22.034
22.2236
22.7006
22.7898
22.919
23.245
23.5186
24.1333
25.1623
25.3357
25.5319
25.802
26.1074
26.6747
26.8716
27.4782
27.5183
29.469
30.6171
30.8249
31.4771
31.8053
32.4217
35.6862
36.4779
36.7238
