-2.35692662723949         -1.76051593561415             -0.543299871417069        0.761531592165094          -2.1194113272092
-0.371494272896652        0.103699919471793             1.17365682381327          1.03313775916078           -0.761881302373641
-0.244723454721839        1.01105745344027              0.563209330855775         -1.6250707743419           -0.445479579410658
-0.425955430238682        0.706462215869057             -0.544558200041065        -0.257976121045033         -0.411152142169749
0.165473829931203         -0.620084373627599            0.774186407763038         -0.809008384240892         0.849695719835185
-0.836639968680685        -0.671499988293379            -1.19879810231962         1.44274197973431           -1.46582078022761
-1.81347737104689         -0.845190177549429            -1.44464169214995         0.645009850636583          -2.17337463539841
-0.0086948599489881       -0.796535762689397            -0.141181196445266        1.79020755085709           -0.704009305216949
-0.608743764406846        -0.443104140356854            0.854725310980192         -0.195451492932357         -0.971535078101063
0.906178557199194         0.272544384330864             -0.780500840949578        1.78161974876312           0.165226998484455
-0.181427855629567        -0.742676378867257            -0.835918860975888        1.50119622496916           -0.215460576888521
-1.04984115528129         -1.0789872724992              0.256784118194605         -0.645887160109083         -0.902813062913758
0.945141159298218         1.20381407961176              0.999213068519897         -2.12035433484559          1.04434512588824
0.417115436958235         -1.0280809632232              -0.429405369633477        0.726728029943765          0.872279105340449
0.0654467808267142        -0.582503394843778            1.33065701881701          0.450202140036867          0.164304416781414
-0.112943177375977        -0.410719152225907            -0.43986636286343         -0.0290649603291897        -0.592451984370954
1.62086986430561          1.30872190498666              0.176552331826017         -0.553701293912964         0.76414393464958
-1.70484672177428         -1.77920725255684             -2.23998756133689         -1.34948246057012          -0.216513581591513
0.468353051859414         0.181515104787282             0.620224777155677         1.39573978049213           -0.578121299810796
-0.662283960424924        -0.47675772653024             0.313503830326809         -0.172015391659699         -0.788832383559167
0.558355691677696         -1.71124570249828             0.0487920656573689        0.519762775307516          1.32219576436627
0.581322037594672         0.926194737929877             1.14108652455349          0.761898105399751          0.124907407264737
-0.60925670867562         -0.410732500014264            1.4110836693173           0.0365484307391858         -0.676076212779149
-1.25860215821831         -0.738113572804417            -1.24748991088535         -1.39267716526789          -0.480881011614901
-2.34172655268505         -2.71794754759141             -0.698489748471582        -0.839412517687022         -2.1378959218247
0.587898992063219         0.0149126918280566            -0.494783802905587        -0.0250870017094416        0.599832587611632
-1.80707107180222         -1.88741088167603             -1.57292007465646         0.838021750759222          -1.92686966205445
-1.44239845204978         -1.96636656756148             -0.187383295105682        -0.763570615211815         -0.764513417374504
-1.49776316538441         -1.02567967680726             -0.648915172594384        -0.710646492805729         -0.99803176032268
-0.563045069241757        -0.527285330023454            -2.8146195894002          1.54347858876571           -0.918115625622646
1.49454106383894          1.79335930850355              1.53960634377569          0.281440263730283          0.399770092678608
-0.169219060794809        -1.38576959515396             -0.993323097455722        -0.485226408377614         0.247668523076914
-1.65066807278232         -3.14148983140423             -1.70138814815191         1.55300421574603           -0.722290217082169
-0.70017900787536         -1.43394922999698             -0.588024268975988        -0.731734173823037         0.318817532756666
-1.5253002672188          0.501177193180331             -0.802353470883613        -1.91911193846896          -1.3479664803612
0.622709127935789         -0.432895613313445            -0.265250823816395        0.833334002297042          1.29077527495845
0.367140788593221         -0.20488572752773             0.0304477369670726        0.331309264013234          0.274715309743042
-0.23393048777451         -0.432701038403623            -0.0544697789264366       -0.111110427243343         -0.101374574620097
0.0436055443727167        -1.56556354767826             2.0419573992831           0.489777969749959          -0.398993951518824
0.831726104489005         0.245121336926713             0.749704129579686         -0.0431978712111867        0.907335352106175
-0.307935159853566        -0.745961969993223            0.122989377235029         -0.337985826336439         0.746878859899956
-0.073225856928674        -1.96031149639185             -0.956823835716133        1.15037593004651           0.918327877757614
-0.955495437479895        0.218513574376753             0.379651272886725         -1.26879628672073          -1.56616832476156
-0.323827723592972        -0.0251803249148144           0.537780279326516         0.109707250714169          -0.203155454632719
-0.740732717385228        -0.0141267656242196           0.404688837667435         0.791255105667021          -1.01295648830928
-0.885831814408318        0.217586384488057             -1.10782958299941         -0.240207425612229         -0.723400221854814
-0.822937787854668        -0.562131252925197            0.959953910434261         -0.86448525281264          -0.83150403826775
-0.919011901157635        -0.92325987357409             0.176598785417733         -1.21953445829485          0.400424113215101
-1.45548519603248         -0.421021257418705            -0.979094422135637        -0.528882263447849         -1.40579510262265
0.751898632575581         1.28052722499448              -0.0937919373813192       0.478419463298776          1.0707534789394
-0.771944855165543        -0.407148927086483            -1.25127979942247         0.641279942814889          -0.930466201233749
-0.346141480219647        -1.93213147632882             0.166151546129789         -0.169762171722471         0.392720271869195
-1.10297603954502         -1.94719536827681             -1.29389090960258         -0.441502849274469         -0.417609390630298
0.768433786924017         1.27489552793389              0.880534752708686         -0.723251672324926         0.794887358368062
0.0535795229790231        1.14262817478491              0.893921766920957         -1.24412291232477          -0.417513152960224
-0.12681247506623         -0.0991251447596221           -0.531680989976426        0.547436636406617          0.174845946141921
-1.4834532731007          -0.76155885269178             -1.38096618125064         1.57534219851458           -2.32780302965964
-1.38189030590788         -0.479395656213907            -0.928345015300335        -0.936022495602416         -1.53139206612833
0.449143071476591         0.65165477505025              0.700425513156942         -0.245562731940036         0.778876797128858
-0.423104551549627        0.631190847653033             -0.477661221670161        -0.905257752131996         -0.617114087701178
-0.2575555191283          -1.42143243504095             -0.119588018453182        -1.01920438516701          -0.217574226489928
0.719538639204971         0.759809632447215             0.716476064247428         0.408044898912524          0.30238708132347
-0.316961919649287        0.0516024237878561            0.333688200222632         -0.913776644712645         -0.436385914800121
-0.704509337753879        -0.158900728633656            1.05231790434769          0.00591664810179932        -1.57771824178247
-0.2454301849318          0.417250180763149             -0.795323270711856        -2.14666953504097          0.322436514815113
-1.98607523010164         -1.09930101541783             -2.7011525242531          -0.857482264562376         -2.22826887924904
1.32105811042833          0.598492469821685             0.622639888439391         -0.102585850803737         1.70060798943098
0.439238199872438         0.251830156384811             -0.432197702636746        0.521034126237355          0.481810520279669
-0.72643775167134         -0.482033778001629            -1.52228374610485         -0.834922958101224         -0.0262165393098448
-0.906881268970566        -0.178624742940829            -0.274021267009127        0.660302306113951          -1.68029193539914
-0.307091414848844        -0.557033887694229            0.865064456676551         1.23118155375581           -0.82305503791558
-0.443589336464698        -0.667693535350646            -0.667786648065594        0.471758299622349          -0.435377196111279
0.916220780114352         -1.22500158547993             -0.344754200220389        1.63081929403896           1.58298316189766
1.43470873516924          0.784850416571899             0.871452775422881         0.185649858200258          0.950036379080329
-0.871273370305021        -0.636395748521658            0.488225569168935         -0.692475490074219         -1.16393457711197
-0.338963370762528        -0.235838171718213            -0.324047115369639        1.01592568041911           -0.376007255315688
1.3790128325574           0.665874436625592             -0.361482373496043        0.882328940373518          0.513485558154121
1.8673864909425           2.56304068783844              0.251588100088288         1.58020943997532           1.0589515951554
-0.386985787640321        -0.351645449027879            -0.886672567497678        0.00615318759260042        -0.401357366747172
0.00298370448219897       -0.201426078119267            -0.123585702551831        0.583772600704086          -0.185664601483956
0.512376011375988         0.541956869392395             0.554413086395475         1.14818843499468           0.324330388678723
-0.337698137516166        0.739462739524723             -0.303130606468257        -0.385839727109208         -1.05419543100593
-0.349875785829861        -1.44839738559895             -0.919748521613531        -0.127146656176645         1.01847810738701
-0.735254342255596        -1.51100929267968             -1.05734439862784         -0.706893444166597         0.458074415774579
-1.58293561304205         -3.02409304833281             -1.2146206504927          0.407208790012518          -0.737931442970254
-0.846525727347572        -1.20768739262227             -0.738452083005366        0.922716020980951          -1.18488107670317
0.173137862917375         -1.45995678236535             -1.42936695552068         1.06788437488371           0.760200872248662
-0.060912337053485        -0.603619377181882            0.668012724173091         1.0621782611851            -0.126839753753098
0.393593378916484         0.0287325766519755            -0.0728229668843941       0.823314505084612          0.0384396678699543
0.00101747299727623       -0.325518060497845            0.342642876896115         0.944120428443764          0.190853090968878
-0.345882130904303        -0.430332413343879            -0.52276474872266         1.79275266075866           -0.863349318575123
-0.960193576320094        -0.180227368033764            0.359100828119543         -0.319049716225107         -0.810270942722323
-1.67806158688921         -1.94965210948581             -1.79130974659067         0.982668550070947          -1.99520400592665
-0.433611072709275        -1.26173675412169             0.900796804305312         0.543246110086064          -0.718072388797411
-0.110163030976924        1.51497809918422              1.39447776701755          0.510844444271638          -1.71325829388966
0.492954516375269         1.7020490589856               1.31890363476007          -0.756325901004822         0.377200557354284
0.545141300037324         0.650851827238912             -0.935904949020526        -0.436449242673323         0.486752335659928
-0.778186295695097        -0.200269806745952            0.453357201604248         -0.198539819406866         -1.0490299418376
0.699733463002832         -0.505465634104272            -0.253900521864443        1.11044737500535           0.715497451988069
-0.346370036652327        -0.798378306081892            -0.0369325173606884       -0.176802392158232         -0.078642592561853
0.0665038968863009        -1.59751226666955             -1.89029088817204         -0.730373298319671         1.64424913826094
1.26313802313059          0.711444941089557             1.95634747175354          1.15317303034098           0.241386311307124
-0.826291863695229        -0.241039221419239            -0.333052560076066        -0.0143849810147587        -0.24774779211645
-1.29000323834495         -2.08223976940684             -0.398655477937126        1.58443341286935           -1.1911778046891
0.976341758720204         1.45409357178226              0.603331254196995         -0.984513594570329         0.668035126137978
-0.0616272509960503       0.389733652483993             -1.77324097573192         -0.203319462988242         0.417152728180384
0.717885893345239         0.192984263354298             -0.0518417559492404       0.910475314438983          0.868307852040917
-0.107882542052645        0.787093818770281             -0.517637581114336        -1.3827475724583           0.386757941544771
-0.812248876866549        -1.72823628357331             0.643594522416286         -1.02861800198168          -0.593585376472856
-0.17194283380832         0.0803167107358857            -0.820633493165086        -1.06323173666634          0.922852677624849
-1.00411672353827         0.103435746181612             -1.10828092181637         -1.37397110847955          -0.287410252432732
-1.83143480965311         -0.55142800460182             -1.37067854836044         0.369706219156752          -2.03841476744656
0.943989857544512         0.971307518271157             -0.892805569817861        -0.672595420487661         1.26646636499485
1.88928150875085          2.31479112706985              0.266411983129103         -0.272226638169473         1.02754064785505
-0.803224337024366        -0.675702514620892            -0.369756175974879        -0.560920319389693         -0.610154841428067
0.63595530356831          0.959198474861239             -0.152071619859341        -0.705995190037006         0.0506138077204422
0.0817712608600496        0.0943247744449318            0.82343885745429          -1.20189241111749          0.394374700539404
-0.295001111927463        -1.15132272728627             -0.511764087081389        1.33140964266132           -0.279401605100166
0.875368213228454         0.631888317464556             -0.665694052900372        -0.512652683522704         0.65398426764322
-0.440464427527575        0.59303481472001              -0.927327186088975        -0.589093122692181         -0.813280123104811
0.584461085482387         2.14181108651093              0.707255002979607         0.394016808635491          0.0823692544270522
-0.64935597308393         0.327004703494399             -0.841670287700872        -0.753622739626012         -1.2748190652573
0.1681565512557           -0.776989982384049            0.517372682050007         1.59929617051687           -0.821378796655383
-0.254495796877875        1.36612405640344              0.359013623473422         -1.20165604187261          -1.31322968436764
-0.257041180062258        0.716852286965973             -1.18089997744317         -3.29032690118093          0.442579557845322
0.823277112132187         0.378842726994414             0.239149436656026         0.175169436290766          0.392182415080383
-0.0911136518189691       0.46136428775773              -0.693101104419108        0.742899459964037          -0.104115983845761
-1.18149564469916         -0.769209229388811            0.182490821168711         -0.860672169962822         -1.2043095297343
0.531677620983151         1.3099680389379               -0.276030784119743        -1.45064558617624          1.1480426595806
-1.46798073036577         -1.10428728213241             -0.494983238981455        -1.88413055241746          -1.09332694122124
-0.204189671451703        -0.0421088386825563           0.901517898187861         0.356775605686172          -0.746787358222849
-1.0874894065918          -0.490642614568322            0.368005902935631         -0.855414900320825         -0.456051980693897
-0.00741038403209297      0.556538339980265             -0.478067580264156        -1.22322276179617          0.78338991296416
1.64054516696964          2.09328507825931              0.740448620210183         -0.231209589485418         1.28192258327043
0.851697515105737         -0.959301208144476            -0.534230134015092        1.18695879934843           1.53161486142818
0.305912892157888         0.246548030056858             0.713895598873139         0.559054502902125          0.136924467097498
0.56453814900982          -0.382305100430915            0.485244075206519         -0.287600696768409         0.435905529703293
1.16349504772004          0.417581233229046             1.9261782643754           1.94260728167826           -0.038224961015166
-0.171016477687755        0.499379149530079             1.51039836347463          -0.494047830640762         -1.07057218525409
0.605442819937213         1.7594279429653               0.65057486874741          -0.535561708414097         -0.290950860285173
-1.09121005662309         -0.64942386873664             -1.22245887502577         0.222484094298086          -0.344439932159729
-0.190220560145962        -0.0115142697672334           -0.735893556617801        -1.23390902514681          0.58710174787642
-0.183194028536862        -0.61404967344865             -0.969100962357614        0.463712984847161          0.210260627873074
2.74095117532642          2.88369966341664              2.86395349036671          2.06967050237547           0.594862663549462
0.951474748643728         1.18913474889147              0.669639139162831         -0.936110787012112         0.980409459115121
1.78532484224734          0.0737450008132672            -0.55693481335062         0.734362718365735          1.42370372329659
-1.12068309030958         -0.404439568719627            -0.698831374492172        -1.61169527114323          -0.991512509782343
1.31239730052315          0.75902096944955              0.94945304927954          0.988649522935361          1.11632098493757
-0.777947730044436        -1.80160597957114             0.4843000787727           -0.627787900505319         -0.383367383440338
-0.729414894416059        -0.607245531745595            -0.695061069923878        -0.305283061982463         -0.46323713540322
0.0754887883978175        -0.473919057765949            -0.00250927469506066      0.469560612882385          -0.0888507968591044
0.128767172144091         0.176707792209078             0.282322052592906         -0.0327183552200073        -0.415824940134206
-1.38014071449276         -0.766777793708175            -0.810302978122325        0.146931407431863          -1.55021013646698
-0.733764641479405        1.16559465858319              0.63612742477792          -0.612301466720395         -1.70542842801461
-2.36537200155278         -1.81642404163986             -1.70305037735394         1.46762142623462           -1.95891565571326
1.55413932866824          2.0796879937698               1.17398248046392          0.484789587781951          0.265614315595493
0.391905764442129         0.838945357575498             0.593084305258418         -0.688632102222469         -0.184627731229466
-0.419138209099007        1.47579040528729              -0.408634328421766        -0.152789550786093         -0.817574146348244
-0.785275506253409        0.402138922500791             0.287055757045255         -0.406853248689984         -1.66476551048349
-1.27938558911662         -0.507447913093683            -0.374782350413024        -1.42370754601859          -0.595322481018961
-0.782468796803068        -0.766012851617157            -0.410436502117746        -1.69289618391905          -0.0475754481260704
-0.855920005686845        -0.44744471700199             0.219479086076243         1.20103938543634           -1.94436195992173
-0.329537118770289        -0.604762240579929            0.611092589495924         -0.0601240922216918        -0.492346585512927
-0.296867756994753        0.239126589369998             -0.742296253609065        0.148497981160401          -0.567070827322783
-0.0620503421350241       0.0552234849313342            0.650420518866385         -0.406058544461084         -0.285987046570014
-0.194811348328777        -0.33720476610264             0.0538350751718385        -0.955737821765155         0.109735929464408
-0.854725142531006        -1.32150768118151             -1.13105139671783         1.12241938844391           -0.523180877666936
-0.774771300536252        -0.429271558287818            0.109291405407541         -0.466390576163197         -0.754589838393897
0.73700467782601          0.610519493950464             -1.06435297838385         -0.295282012439066         1.47536012899379
-0.109419199027911        1.10165699948473              0.790952148405987         1.11766347897924           -1.69278054397417
1.54055595256424          1.21418261785721              1.5169855787828           -0.362962097112506         1.53439448261318
1.61286829301463          1.12319137526975              -0.0179543949660292       1.62415646017292           1.33039488531409
-1.1335298791127          -0.931567059814868            -1.91073993953219         -1.94060759351861          0.613018802674638
-0.976866884745292        -2.14150366189719             -0.0061418380389876       -0.0370803147683624        -0.358718498079693
-0.382262480546103        1.52505717779833              -1.27981893737127         0.332436560331062          -1.77968270095903
-0.569398110674952        -0.026470567164013            0.897974102777243         0.362591021641564          -0.64697238430752
0.411749977187084         0.487612598845346             0.244910250030342         -0.599310924844018         0.476074662284146
0.428797417918331         0.749597247659765             -0.0168937829144005       0.753496709424725          0.0414162531391958
0.70321777523953          -0.0195002315249733           -0.306806918854306        -0.758391466237489         1.16340979541107
-0.912085981319967        -0.940104173578213            -0.46461194146252         0.553603162232396          -0.718657697354153
-0.465175525874624        -0.65135163540184             0.913751516004434         -1.93920622902709          -0.118830893545351
1.08125213333189          1.23163341395654              0.894528791205658         2.0570297854271            -0.202065770256379
-1.05080147912759         1.21609833390939              -0.181349527206328        -1.06777572796611          -0.829138755523104
-0.448449688646724        0.117623477915192             -2.2042990814921          0.0792444352961637         -0.496973400603812
0.660449914627882         0.33550095332483              0.365596340518174         0.192018820381104          0.368452409070004
-0.0505056894368756       -1.02590028128933             -1.44462267468935         1.28612564496753           0.698125305136709
0.480836871344447         -0.566889792670923            -0.0511093845924037       -0.838894193437044         1.23531454769055
2.25955758889392          2.08880934623766              0.915239062440662         0.87147411867234           1.20070669472128
0.0340410889128786        -0.601076505605709            0.211370156339376         -0.478817614970286         0.0582535741607423
1.74919076717821          1.7681363524327               0.545864097233            0.889788615517992          1.23935938559508
-0.891554253376712        -0.122640095351581            -0.783502468289556        -1.13116987225706          -0.974585536097577
0.503886523800267         0.147003945770061             -0.048724123080542        1.72271080884574           0.0489657623888899
-0.0666451237317372       -1.10138117564571             -0.0305536357859688       1.54015414445968           0.308017851645443
-2.63178945732309         -1.92438494282707             -0.939339786451812        -1.15468618442938          -2.43282829054289
0.424717245390909         1.85744795281965              0.130255886845505         1.22419152188917           -0.847098158096375
-0.737630063301219        1.23989468247169              0.775222095379963         -1.76646127479237          -0.082688906828162
0.358267871380083         -0.891277435445413            -0.165356981507371        0.0764360761741265         0.999487358474149
0.616868215493266         -0.258880418391758            -0.613271080307137        -0.517543630386614         1.17536412516339
0.285335301199443         1.04795847484826              0.0339700768380417        0.662373571656896          -1.03968640470259
1.13489167342322          1.33111158586913              -0.624156347745752        1.25098306982191           0.550967538124042
-0.620535045974616        -0.675347561123121            -1.30635856876638         -0.171549362244813         -0.123976128468978
-1.17283118909158         -1.85950621365246             -1.10820788519668         0.744021337318147          -0.320888766866196
1.50624111723598          -0.525056754884718            -0.0477924944809283       -0.740016387501895         2.67165312816421
-0.893834793008918        -1.17955746024957             0.501412143503603         0.467619401008342          -1.37610550509362
-0.631998710869135        0.162336247597399             -0.508680735994722        0.806299462028378          -0.476475705663778
-1.39190796511288         -0.483948139518034            -3.13839216255918         -2.21676807764812          -0.568765888435019
0.13990757795437          0.372050745998439             -0.30748581229506         -0.397468223187757         0.176724119645143
-0.346677589450045        0.0986495771320102            -0.405228901607854        -1.62560780109912          -0.673330751264103
1.35762827367084          0.995582023256305             1.64181997713396          1.6047818150837            0.577115845776873
0.649342370847111         -0.0135293621407488           -0.159475837728626        1.09028636419656           0.775746216739771
-0.454564879608594        -0.644159876451585            0.17208280008286          0.398042158458533          -1.03982714101636
-1.22334133489914         -0.374480584655461            0.0856633038664265        -1.38594851050435          -0.536028261316799
0.953574694298338         0.530861606774204             0.672709642511694         1.1220917439057            0.720732331405069
0.435343570943138         -0.0428744424278183           0.687761240369194         2.07166403208663           -0.343349731755349
-1.42696515922609         -0.603704741291547            -1.75011295427172         -0.59591759541819          -1.76639105092657
-0.11640571483851         1.09710089189003              -0.201910497178069        0.0979983830156778         -0.29889414607754
2.08428048892239          1.25804737158271              1.50158263279057          1.12041830335151           1.20850888878093
-0.500334215525998        -0.324991728995036            0.216382800724574         1.99596981561796           -1.10408799222014
-1.00849114231307         -1.85802415538571             0.272785428418117         -0.272782109029027         -0.0462532493379508
0.52466209167715          0.0784895230437409            0.345900915878659         0.421072440188036          0.879147243925216
0.372497282939436         0.308601531364641             0.558951320276197         0.905468055306451          -0.043040965831433
-1.06907746229792         -1.22645270199356             -1.22040037410912         -1.13449810538439          -0.289730778993662
1.21153900295452          1.39702220961054              1.60895662111119          -0.529829467052663         1.2409594623417
0.847168269882856         -0.30551467059313             1.01223587749368          1.03710066453282           0.770279660120226
1.17414956226995          0.80944626704596              0.293267034661417         1.1881640609782            0.339407615140777
-0.595817087569424        -0.120327674729044            -1.71575025398727         -0.560166037232415         -0.725837469876869
0.255499285682518         -0.393174004131558            1.2651086246789           1.38449014249422           -0.435583956382827
-0.468788658636769        -0.227879993908597            -0.431602313564696        -0.560181190966353         -0.173526970609935
0.68006595684724          -0.146115671153838            1.38927505971887          -0.889410879201939         0.721180272904358
1.34540475378088          1.5469402658465               1.46944911137845          -0.940879897461983         1.26997413620221
1.2969734156663           0.945636269081418             0.406111632648864         1.28990271026477           0.681674703708776
0.786000032311617         0.332984651325675             -0.0491211314503986       -0.228618874557507         1.44726505975062
-0.0949427707162194       0.622631658679245             -0.536951372194592        0.178705647513321          -0.592634758777319
1.56417190588198          2.20602324424804              1.27961457896587          1.04775731685217           0.9030560018973
-0.37440816244135         -0.121351558024579            1.48975476829756          -1.6384685218092           -0.534274511260891
-0.252682267376445        -1.32286518523822             0.288923929100155         1.57595412854728           -0.43626776832578
-0.597565381651862        -0.984084133219637            -0.541819214997371        0.967354009173016          -0.810634472919952
-0.344886763270537        0.113150556161211             -0.296960799066008        0.340568606846387          -0.775097634905713
0.802201201861408         0.344368955823584             0.708181745615541         -0.280622961787847         1.4955318129054
0.0886974184322858        0.438900605192583             -0.346592761575807        0.629920257442822          -0.534087766852377
-0.663490719528762        -1.01838293966902             0.0550760532045682        0.102350607617301          -1.00643187518312
0.234940074701299         1.4656275746238               -1.423350346944           -1.16873633164023          0.572176442015924
-1.33891592573843         -2.10188271091387             -1.50275590459189         -0.756429425678286         -0.583022430721529
-0.696171667077832        0.139155940234413             0.0104178311852027        0.722062504687353          -0.795598050988535
-0.47192461663365         0.542974735847169             0.523216833268177         1.14043592001898           -1.57216719342034
-0.863455781203128        -0.539074665766398            -1.61123157195958         -1.74882895548575          0.262304646538393
1.47719650824043          1.20150947940554              1.02866191251929          -0.835366177832735         1.48942968741739
-0.191738675142053        -0.0487946231119289           0.325777569212122         -0.588383842567218         0.316937496063354
-0.105140045960219        -0.100524899098993            0.292250502309851         -1.27555533156934          -0.0160223666755165
-0.903246868513527        -0.101204192734292            -1.61656989233365         -1.14150528333211          0.363893433720185
-0.981220228778743        -1.55652448331895             -0.218736863185279        -0.608575181426758         -0.945852385477336
-1.5602970787275          0.621532310210461             0.649032012348434         -0.471408164152155         -2.84933715978502
0.192121392892856         -0.128537882385559            -0.842255531635761        1.50530906869032           -0.294798879283896
-0.119013154647542        0.620944171895677             -1.19541961871719         -0.283441912264853         0.43199229050217
1.06086304283641          0.485268258931945             1.92884088596491          -0.616853163893744         1.32270604678185
-0.259155180373763        -1.72269149783665             0.315293292882151         1.52219203866438           -0.943203336781563
-0.995559109533165        -2.10463996477161             -0.758089784933816        -0.848943084417283         -0.451706869895441
-0.455363218628014        -0.00774313349224426          -1.37853151701395         -2.42475748615149          -0.103792362463606
1.00734810200022          1.01699679649563              1.29048558035246          0.124810071248946          0.348774375749694
-0.54974334933123         0.736030639669707             0.0096864197680307        -1.25398356361529          -0.318157332508308
-2.23735272260169         -1.18179029589159             -2.28520835748538         0.77924011130059           -2.7927904347997
0.316505547646497         0.402951700188345             0.153557721795716         0.243508005122823          -0.372146197363156
-0.489280756030059        -0.359119483889013            -0.835262535525388        0.584660544911099          -0.244336543114476
-0.421046668449852        1.16804645025942              -0.392144368352177        -0.5074262378787           -0.821740004708177
1.5534084384359           1.38400590865539              2.4155486011316           1.22519847602145           0.36662350002268
-0.57328018840447         -1.30304963374896             0.300824378440193         0.525632188400279          0.0833354571465532
0.146326550229557         -0.413856447454953            -0.0727312182145506       -0.857823494534755         1.21792136714312
-0.62738182654309         -0.242737427069954            -0.950893630732081        -0.212153012284924         -0.593776212948562
0.542010019682084         0.807438458607871             -0.827971657875054        -0.194417562581974         0.566344481889656
0.377658555058892         0.737239335209714             -0.474079558478108        -1.68914560602604          1.37884824395236
-0.921364967613629        -1.22863265307772             -0.271314105849034        -0.631057764307046         -0.971720659714842
0.796524966375716         0.146950652428809             1.2855692402605           0.822297014956673          0.950761036657382
1.86935954955834          0.741130087617416             1.29603364884329          0.18879828460499           2.14274250030301
0.22521370619593          0.305756039844999             0.856383204528922         1.73033266003746           -0.364584252023687
-0.609543655615672        -0.955464719286882            -0.399698769467989        0.167162987978915          -0.370442417511545
0.359787355490206         1.92517101866473              0.917720355253319         1.12604323618527           -1.27631650635583
0.00777918673743646       0.754889648730964             -0.480078538877604        0.813500652629303          -0.111851062094839
-0.337381846491369        -0.732329916409093            -1.08909522716606         -0.51401444597141          -0.0760138014523191
-0.42676807679609         0.606457618646909             0.456676608840821         -0.824851919727086         -0.991954198645306
-0.109620094615609        -0.577255188979321            -0.200866103806111        -1.01898852111635          0.977482657949675
-1.4097505542154          -0.298502765112637            0.221885014703459         -1.6596397878313           -0.941922778419822
-0.609342071190417        -1.00933013813582             -0.158270406611107        0.0607855508655478         -0.478537896567994
-0.0713909247307247       -1.18245372648381             -0.254337096297951        -0.830806724221168         1.12357335307196
0.305484039413011         0.350497587309145             1.23261368543911          -0.356172275746592         0.0677923717323102
0.311662604747092         0.123760115983355             0.814126245251113         1.01985490616095           0.354553719355104
0.330062624775559         1.88473601144003              -0.946558913989429        -0.801414768083286         -0.306333982337898
-1.37033242502619         0.238058584758429             -0.862244158463228        -1.59836345825554          -0.941412697288546
1.63984970116349          1.38733651480691              -0.188252327285908        0.796031269724129          0.866034817131138
0.279025169867862         1.11650270824941              0.196181374668104         -0.667903241929294         -0.678825372905635
-1.15624587538358         0.642643118920066             0.97398667188837          -0.496196498157667         -1.76510619450802
-0.0593508226572088       -0.45147672740779             0.840717329232684         0.69434295602919           0.521258536804005
0.561616757984629         0.0745731208680459            0.28668669074801          1.57936904550322           0.556023873472402
-0.0272733995398498       -0.700226246514444            0.351066357764646         0.288873397311318          -0.168316103183356
0.960341234511199         0.946471563261906             1.1763376626806           1.24826512147163           0.0142234195701387
-0.490821433419547        0.507287859655334             -0.97472530020666         -0.479830880644289         -1.40796441824513
-0.420140182592736        -0.00827080823360227          0.520189574670115         0.538314362442972          -1.40644242365387
-1.7201074522292          -0.796291127474974            -1.31204770522361         -0.732105234618362         -0.924568158917514
1.76231727144414          2.05599415212815              0.0718290698894184        0.267530877579851          0.988450771418084
-0.820468676636691        0.56866356895059              -0.965622772559736        -2.14920796264151          0.0684174369961713
0.0687146136784704        1.27205977633997              -0.0975487764945454       0.520980059076667          -0.803399759533441
-0.0458892832141439       -0.791220026394137            0.33384786631477          1.13422182740191           -0.379923209710048
0.303754697582977         -0.290096275848887            0.845305606434213         0.75842840960039           -0.638550373229984
-1.12243567480949         -1.31304652303086             0.815184034903228         0.260038405954162          -1.58078298334704
0.0768732998596998        1.64602944233903              0.101595902516656         -0.424126495731868         -0.85077866014376
0.981674560610646         1.56024958120166              0.877580533833829         0.711728343489596          -0.239339706789195
-0.150341091552739        1.23984422216321              0.600378100102159         -0.652653370481913         -0.356368987416501
0.0569640716496178        0.221974450367561             -1.2864163088518          -0.781765937201354         0.227812035635671
0.866371697089277         0.281548538217684             1.63756122424654          -0.580365409443149         0.247193801194358
1.11136009809624          1.699288410946                0.233230891145899         -0.342498616340177         0.463060352092311
1.23988186692203          0.185294581839035             -0.214321669426079        1.7351281379688            0.400553647224628
0.754217176811359         1.09552222742899              1.96346021892421          1.3965787565404            0.66410050935259
1.1473352973271           1.4399450239708               1.35296759121844          -0.510039263601546         0.301276317800144
1.45069322974637          0.543457288128593             0.159390509720944         0.205870285208461          1.33314349004292
-0.0874803906439303       -0.971227856790672            -1.25650333006984         0.919600497722868          -0.291625502833555
0.526488024205849         0.401908207229919             -0.283838614268841        -0.0263491477118184        0.545853897505338
0.863893443297893         1.16521761114678              1.77242730590187          -0.0774871054869849        0.654530159935139
1.18536464636893          0.549725484611961             0.605302985204638         -0.323986461352942         0.717806121230703
0.33115575465867          -1.53513393470079             -0.251556152648175        -0.925369649811747         1.50499413921886
-0.0125672906600027       -0.747999006085517            0.692691458738468         1.03584071824941           -1.03038476995222
1.16068704225411          1.05747765967348              0.379596421762527         1.82805909979376           0.206534934354013
0.492717585890621         0.487483360232322             1.07814857643865          0.911441490164111          -0.0194813630865158
1.43059920604473          1.54963194514767              1.89439197083514          -0.124970022994651         1.01231587657542
-0.464911267768516        0.922034492294789             -0.799212260087462        -0.292373687337079         -1.0581523893374
-0.337006657879929        -0.124434645441989            -0.688477628794068        -0.545716131637537         0.215319497537336
-2.16733897709829         -0.808200623547695            -1.9563846724614          -0.679225323693753         -2.57438218507879
-0.340345731418047        -0.255857198491789            -0.192337545535413        -1.28040418541429          -0.37186749461758
-0.00234117511780694      0.728407709160288             -2.08035091219454         0.912204296179727          -0.178585279921767
1.65936515663611          0.548330826829838             1.98805372906878          1.27181928262199           0.933707040756663
0.56871096426158          0.311557520880335             -0.918835718717243        1.77122586830708           0.0156312263540723
-0.397352084917819        -0.277932282466066            -0.73643245560244         0.143631625437244          0.192160020059866
-0.978913648979589        -0.748761567283565            -0.0638112597315894       -1.34879892329094          -0.174037578621134
0.521997155005644         -0.247075134977693            1.18016512695505          0.224228158100465          0.46183002671476
-0.881933797267523        -2.7538708052945              -0.78543243606378         0.408678253757934          0.0615254011711356
1.12805772459449          1.13123735391388              1.24145197141949          0.529256316371323          0.0494472090869833
0.89212686968047          0.552497586020508             0.255581533691144         1.71168706795193           0.173169975437393
1.65299908853399          1.38757588209907              1.27823593763986          -0.461877035909665         0.664039153837462
-0.430865512409253        -0.237384798487014            -1.13275287700959         -0.649736359037156         0.227728863010607
0.48428687999771          1.0531266429827               0.732891385965669         0.551630952399786          0.00830645829997234
-0.954302389272719        -1.36728470498388             -0.259576618970783        0.587777013081288          -0.548621917454217
0.533961512606904         -0.176658107414604            -0.178384543537298        -0.728710379352392         1.07510471154702
-1.04056383378814         -1.56066920729174             -2.18034695348846         -1.22127171973234          0.665800334388914
-0.441472136943971        -0.926087526090662            -0.729768573412278        0.926423685846703          0.00179194419329276
-1.18085754470513         -2.12624135665985             0.444251048460862         -1.45737369189261          -0.0290084565826438
-1.35236378128516         -0.724559919536976            -0.146740195420219        -0.484374943971333         -1.78095558901958
-0.484843965846329        -0.0552628584765132           -0.835485521933653        1.24551080184515           -0.740669144041708
0.631508925635084         2.54541341856064              -0.980159175520885        -0.916698606079195         -0.176637662419721
0.259085121774793         -0.164645202733434            -0.151403348232114        -0.641559906703507         0.916831192499327
1.26125496713415          1.19396329832797              1.27212493322888          2.30070508413611           0.75318766654994
0.206682938082244         -0.110682668215118            0.0877457983932874        1.09623081827639           0.0384585520104845
1.14078235273278          1.25568586323255              2.13457846516652          -1.3429083985254           0.777785507229503
0.818603750370566         1.76618113042722              0.826773751131317         -1.67590562822245          0.28913541764142
1.71640527568845          0.263275264394381             0.858596523220153         0.941451212961898          0.943841882317968
0.293307322281253         0.224984396796709             -0.551823186838061        -0.692834999747469         0.671981386077942
0.620698802286225         1.47290553591467              -0.518630626137387        -1.25766471680751          0.908355251965161
-0.823678861160736        -1.71712242256898             -1.21795848067966         2.40346929012424           -0.684589961250359
-0.645524578915404        -0.576094273739294            -0.907449511654669        0.112170643734238          -0.385025671490569
-0.619028792682209        -0.137879298942581            0.278541898223739         -0.693150956403887         -0.294872925291431
-0.469312812650162        -0.674643541398805            -0.834974492760149        1.75910226880686           -1.02813994504609
0.200974280474775         -0.146048695690527            -0.255745220493797        0.666096513701866          1.03305908882044
-0.746073429712301        -1.02778690173814             -0.341106434792978        -0.200899266688092         -1.01168459977384
0.320968191629078         1.36661108541001              -0.103093390453703        0.719904411065525          -1.021020864443
0.452763753134433         0.852348786090383             0.153984438709828         -1.86501136531282          0.253601752001383
0.461895573828283         0.483196075968943             -0.946133964995668        -0.135729452217627         0.200005830259804
-1.46676767689352         -0.931903863084319            -0.132342220233515        -0.0940419950411099        -1.81194556359628
1.22981453765604          1.008194961732                0.26384707397864          -0.216794316224865         1.49793660814016
2.11296654348223          1.48602305778158              0.0332551306638533        0.0185944791058589         1.91424820434924
-2.77620472831422         -2.13651555637284             -0.886342837220243        0.739889856973698          -2.92523708165134
1.04577562285683          0.410456084118296             -0.179140764304991        -0.604280131075398         1.86702140085431
0.328580898314819         0.696697803284644             -1.51440746417196         -0.348514814277604         0.176529654772722
0.100807786546291         -0.185889570920113            0.654049911014949         0.949876768760821          0.0846843586299189
0.568828381430318         0.524562277502803             1.06763134299464          0.519466720713991          0.373994735099573
-0.0681237484478425       -1.17472899745317             0.993143521663334         -0.408786026718268         -0.0284421188121447
0.202861846184005         0.103092447350346             -0.513945356643483        -1.01529315329278          0.696988168276955
-0.0487090674071514       -0.457651701078834            0.0685380166788414        1.61271932167712           -0.936257142897337
1.88765249222539          2.11547366202593              1.24187613845309          0.318804958437143          1.22663308641515
-2.8232305296164          -2.46041793055838             -2.78998706085607         -2.3302403147188           -1.26718885202266
1.36122309099312          2.2310635184753               -0.665100285801985        0.200719639310112          0.77899436387537
-0.289168846832878        -0.470150474626579            -0.432243564211285        -0.0377793661497151        0.245717789516902
-1.74767819844397         -0.963814441422284            -1.24971242808534         -1.29961269280712          -1.24895120097763
0.820191744841521         0.579676752921376             1.52817211722476          1.03582656908635           0.614765354157334
1.51670366803735          1.36378319000479              -0.279943834848239        0.138724387309708          1.32062490192298
1.29432415828099          1.02242467481033              1.36985947079349          1.14395880296115           0.342752388074531
0.287927329091347         0.76150849607581              -0.167294518172711        -0.232860643233877         0.441974956921514
1.0118737265454           0.56846048085417              -0.434999185401826        -0.155681524009231         1.78196256068593
-0.510719637594561        -0.940279014591269            -0.481601116576163        0.37055711262786           -0.676956791561554
-1.49523599556549         -1.45640694377797             0.710046432421293         -1.5249856970964           -1.14631103978585
-0.621748286473505        -0.506442560238231            -1.21178932038427         0.872414850799871          -0.11859867435506
0.470262211243071         -0.978672442716312            -1.0818779208207          1.30036521284021           0.536108211479478
-1.43362163030983         -1.33566996392765             -0.358331766531692        -0.504950029671938         -1.51872726777537
0.493759855722811         -1.04307183447518             0.473983225408703         1.044619332577             1.14969617359024
0.638597075936737         0.484091656213901             0.783680262223433         1.08166658411373           -0.287494656535109
0.977272692383646         -0.169775317958294            -0.159136733432064        0.0284940404796135         1.49178308405391
-0.982580468924227        0.649299007944308             -1.07035243320134         0.498098927334506          -1.20266855256708
0.873414304428371         1.0084317359215               0.735043590700125         1.19106511304789           0.0743342239212589
-0.753589799239015        0.562527048455885             -1.07192845356858         1.20609563846815           -1.95463968189607
1.08874374882908          -0.588510642015997            0.68492294818889          1.50876925329026           0.459312973806395
0.0422536414007062        -0.0586652728150924           1.06505345723207          -0.267608794601323         -0.341110797698583
-1.58906742303313         -1.182091398539               -1.46058731130566         1.38477047629967           -1.38787375701986
-1.42578926544481         -0.740085934788462            -1.82334847569369         -1.77762348880555          -0.496832885699429
0.220152114665972         -0.10998075643779             0.321905593168636         -1.00269693777081          0.472842736675819
0.108847158292051         0.0814198983064473            -0.184737542439159        0.389831374189069          -0.0629943425954566
-1.24435152242799         -0.894004843367119            -0.310132199666229        0.172523326541778          -0.886420824400229
-0.565280830481578        0.129264784530794             -0.655941096640814        -0.0235032741779792        0.000548974228331223
0.736223117862118         1.56299728725293              1.13674454130223          -0.199785178378476         0.370305255537888
-0.0687691464321131       0.430992435151274             0.619330396480704         1.25131118170908           -1.02469435176716
-0.92536601601838         -1.45706272764901             -0.846844118171208        0.96173008939725           -0.441604074324341
-0.518476452916505        -0.538021217664447            0.710929445119618         -0.675975917027691         -0.439470275283169
-0.386688102473516        -0.655479170852721            -1.10010704585311         -0.0695109237554087        -0.155433096002706
-0.688808598151571        -1.18036613793536             -0.151539956657978        -2.43404404315765          0.602130781711641
0.196700642717342         -1.34133795910483             0.499628055061772         -0.232976888468115         0.0807141099855155
0.79919472886138          -0.221373557655276            1.92941343166843          0.410548410568484          0.248521699854934
-0.284340717233642        -0.342464081322699            -0.198007545405821        -1.15625449622173          0.682290102955599
0.477258561098813         1.18215320943652              1.21918097032842          -0.647756286247239         0.103607826626211
-0.0837508370908883       0.057288309082537             0.323463928039391         -1.41949768117889          -0.032797810495746
0.211788748241756         -0.646733773478299            -0.35541031243251         -0.432326917230445         -0.234273747096567
0.320972267361039         -0.686746627643945            1.49044578072386          -0.107617844739481         -0.332801608535778
-0.33644630169928         1.54540357509875              -0.911106261849772        -1.36076504623465          -0.686512713020378
-0.670666422664246        0.219536290896072             -0.522090131702589        -2.23924306630045          -0.0830371965655155
-0.202101093592396        -1.45562130414371             0.74495960543562          1.65804557816419           -0.589391061114952
-1.26074719902521         -0.29612690423137             0.408165618799777         -0.618145803304335         -0.569325483254451
0.576763802583991         0.425924505519809             0.299814940834664         -0.164108301925484         0.403559552072421
2.18512797779999          1.7515363636478               0.72677378061268          1.42407319828024           1.17025305930969
-1.16364842141894         -0.685762512007165            0.513591807639549         -0.00852733318145138       -1.46491686650945
0.722499120115084         0.503148187042525             0.338971716859922         0.723244413736954          0.846072295026881
0.64254485862748          -0.301326358018223            0.719701820923003         -0.122000371223454         0.779452968706932
-0.40632545914443         0.599465362182322             -0.327375576558253        -1.35957601487485          -1.77787096956046
0.886011658303721         1.10957203446997              1.2228737786252           0.00706489994283488        1.03251243320632
1.1169880951967           1.21152091140498              -0.689345314248387        -0.3157282368365           1.12295969019302
1.08644906892919          1.38803500192874              1.12705708577467          -1.41806585159626          1.11521337064861
-0.277654925114209        -0.992127805103873            -1.59531852515194         1.36562131509194           -0.171121431643335
-0.865983639201056        -0.443857756802468            -1.27214955886453         0.0294641892223534         -0.813157975909054
-0.0485154665169706       -0.920216673166494            -1.01067760425438         1.42847134739147           -0.304248945542985
0.58132142383119          -0.928882582041588            -0.424010234817998        1.49732439690554           0.734694337724816
-0.150233916068193        -0.266706418365036            -0.0842057712316074       1.01297129107121           -0.529372704648451
0.378973200875345         0.311192271077078             0.588778318845675         -0.0515520135043152        0.388164881306849
-0.52810837955394         -0.678561646162133            0.532561386100551         -0.443792839425208         -0.401693851518148
0.34458371228308          -0.629797606025023            0.638386930521501         -0.723610556681215         0.631108589704679
-0.320222039627761        -0.375021099230199            0.83838651374006          1.65618524745802           -1.56903309966418
-0.869076457264289        -1.30469630293325             -0.261753179951358        -0.46220856331345          -0.0811133592997305
0.632890655404963         0.728537205042699             0.299129446659675         1.14529244040455           -0.156834296886138
1.36977005633353          0.221364666169577             0.0304924681804433        -0.351043078375822         1.72573852233797
0.371737684117806         -0.106544385423561            -0.213035331176294        0.539597049134224          1.08441891643328
-1.59210844788788         -2.68510572816923             -3.0164892678658          -0.979376912356761         0.0755684173479091
0.414046018957016         0.861900569869114             -0.190202959753905        0.947262965960327          -0.391528159060634
-0.196136848275815        -0.0696619064110589           -1.22995188238334         -2.11435903343433          0.37845372123738
-0.719466041916921        -0.0285341907182882           -0.0855592512854537       -0.897948627453893         -0.756689100012367
-0.421324187666724        0.26382460712831              -0.397993915681355        0.471258834212786          -0.754473897840529
0.537191057680948         0.457775885308992             0.0355977664589007        -0.159381854460455         0.121094365873307
-0.633314332648549        -0.0723814893953735           -0.499037527897293        1.03542170222797           -0.829868569331869
0.210001417616499         -0.163764360064221            -0.108936106805734        0.483386149667753          0.581322881684182
-1.37751002937967         0.349570473002951             -1.11008891718462         -1.02541684253345          -0.846571545227544
0.582808800603811         0.573307559986223             0.53428412384496          0.45078799983781           0.607858417785726
0.673820858102942         0.581011626857044             0.190759603846319         -0.226288710833115         0.241605203715099
-1.20825379374737         0.434034048419876             -0.340270938739278        -1.34731896572072          -1.64350984143745
0.629731248613775         0.118142960238783             0.332106282331829         0.80303245315493           0.459530467876009
-0.894326165335233        -1.59579777486793             -1.60289081506768         0.910591439265133          -0.551083059463067
-0.34162282307537         -1.26093676578965             1.16306287659816          -1.70077602621787          -0.479725425899971
0.60790700260809          1.0594593774949               0.44719156714983          -0.416070469405318         0.592254712072417
0.321894865168095         0.964289990559968             0.159347631409154         0.312300178786589          0.198838518030716
1.64469586895535          1.44088204405452              2.07545536623273          1.73415319003787           0.626514106616537
-0.01385199048203         0.907893501178117             1.20044141741223          0.379342663430879          -0.593281658257743
0.412046201043625         0.458865283523179             -1.17738603714168         0.307391964490667          0.343801182062595
0.576977027441974         0.620113718986282             0.430358896037081         0.776485544348303          0.10569131138617
-0.372245745937595        -0.753620340374402            -0.0988026090064236       1.94002588907364           -0.852348370387794
1.99631948854504          2.60196473801646              1.15654114469043          1.47550527894281           0.622022049651374
-0.349371986768673        -0.324791069169521            -0.265852590191268        0.157087350280964          -0.170322222805306
-0.235448854993147        -1.51107576432562             -1.94436031226219         -1.61932515349085          1.52865342020134
0.450721702103181         0.508426403571236             0.0529476591808287        0.294669651376862          0.870595829471258
-0.124557388179269        1.17258141905148              -0.151561387763979        0.593404787783675          -0.70992085844919
-0.478196543822671        -1.01967343442836             -1.12653007755323         0.338271782726306          0.662322193500912
0.659919648662907         0.681267543691171             0.935416141848178         0.651137424391908          0.325205633632522
1.50295944507138          1.03689307579797              1.47357195644495          0.764718535004011          0.857291153311978
0.176815104328856         -0.0589298678845221           -0.137648248933019        0.811642844174694          -0.356363957018649
-2.36443135896765         -0.0657195806064819           -0.926938440381037        -0.962558570620283         -2.74576640429942
0.320368038945249         -0.352105078122439            0.714545186557435         -0.331004453636812         0.465623966908952
-0.285973235898801        -0.658881710164577            -1.2131011280857          0.62741883039536           -0.27941678333626
-0.430758451511451        -0.2839885330824              0.184156499441836         0.291930349843017          -0.764205225466834
0.499608473794627         0.707403073733699             0.817051265115891         -0.730874558109123         0.542841779697862
-0.760774546166232        -0.229068514499312            -1.00715169535217         -1.08634301707994          -0.0582603428422983
0.464889678045357         0.80091241509835              0.70037740304             -1.04129039929896          0.622593821294469
0.348977808367792         0.339050987800549             0.40727143114476          0.498576972500149          -0.107041290846765
-0.367850157591027        0.0801720060808273            0.471373938299987         -1.60292080672462          -0.806419083043355
-1.20647773542846         -0.311355700406284            -0.458446626237605        -0.258620309221663         -1.0698489308858
-0.0685581151858876       -0.311627646230509            0.769089776324699         1.06310990810938           -1.16440104358818
1.0160634630983           1.32137515740657              1.21839017032914          -0.143919858324239         1.11210289454151
0.401294072416888         0.339408047949516             1.43104035377455          -0.0347398354215163        0.648785844073977
0.302826922957541         -0.207563213353216            0.55059981431583          -0.437445743030781         0.690698382478967
-1.24933784627192         0.0828105939434973            -1.58165029505006         -2.34216227060361          -0.511287476004495
0.397795214907635         1.06832776953685              1.08309018600388          -1.66922520520914          0.51387055067507
-0.175016401298486        -0.01076394484559             -0.894625529314378        0.538559589510487          0.0477210758209252
1.7235550690488           0.456792752204676             0.782238942149404         -0.413686551301937         2.45969946471995
-0.248794113915295        -1.85019029706442             -0.32638302132063         0.47669760586365           0.928578232189385
2.11961060627035          1.14378782871342              1.00336250306499          0.636817087615947          2.19982906886765
0.261083271594944         1.32516478763108              0.377742574423913         0.158596323711509          -0.415000780071608
0.96091229401574          2.507457123276                -0.159500642037921        0.321176384053689          0.904410868635128
0.42256723586569          0.898594110321325             0.722680434463845         -0.101708762237919         0.765484891326517
-2.3786583424734          -2.84292637418319             -2.60069378216673         -0.589724930943182         -1.06804462475366
1.83680492862666          0.549352474562835             0.612847133575431         0.85554097831674           2.65903385010176
1.52079964629152          0.453484635132885             0.178105322125899         -0.0753337337537701        2.19633643506298
-0.0835574252029814       -0.122745978769535            -0.170873285332412        -0.378264952892074         -0.536015406587675
